197598527 sector01 1 1 
129683871 sector01 1 1 
126910743 sector01 1 1 
126909993 sector01 1 1 
165096625 sector01 1 1 
165096120 sector01 1 1 
200644837 sector01 1 1 
165122191 sector01 1 1 
129637152 sector01 1 1 
115175750 sector01 1 1 
147132816 sector01 1 1 
114919247 sector01 1 1 
147113993 sector01 1 1 
207080123 sector01 1 1 
389657088 sector01 1 1 
197598732 sector01 1 1 
114985772 sector01 1 1 
389448805 sector01 1 1 
147332553 sector01 1 1 
91395551 sector01 1 1 
126583789 sector01 1 1 
147304087 sector01 1 1 
147114607 sector01 1 1 
382220859 sector01 1 1 
200645542 sector01 1 1 
